15:49:36.262151 IP 10.33.0.55.17958 > 10.1.2.112.16498: UDP, length 172
15:49:36.281961 IP 10.1.2.112.16498 > 10.33.0.55.17958: UDP, length 172
15:49:36.282201 IP 10.33.0.55.17958 > 10.1.2.112.16498: UDP, length 172
15:49:36.301954 IP 10.1.2.112.16498 > 10.33.0.55.17958: UDP, length 172
15:49:36.302169 IP 10.33.0.55.17958 > 10.1.2.112.16498: UDP, length 172
15:49:36.321923 IP 10.1.2.112.16498 > 10.33.0.55.17958: UDP, length 172
15:49:36.322254 IP 10.33.0.55.17958 > 10.1.2.112.16498: UDP, length 172
15:49:36.341978 IP 10.1.2.112.16498 > 10.33.0.55.17958: UDP, length 172
15:49:36.342226 IP 10.33.0.55.17958 > 10.1.2.112.16498: UDP, length 172
15:49:36.361657 IP 10.1.2.112.16498 > 10.33.0.55.17958: UDP, length 172
15:49:36.362113 IP 10.33.0.55.17958 > 10.1.2.112.16498: UDP, length 172
15:49:36.381742 IP 10.1.2.112.16498 > 10.33.0.55.17958: UDP, length 172
15:49:36.382148 IP 10.33.0.55.17958 > 10.1.2.112.16498: UDP, length 172
15:49:36.401932 IP 10.1.2.112.16498 > 10.33.0.55.17958: UDP, length 172
15:49:36.402143 IP 10.33.0.55.17958 > 10.1.2.112.16498: UDP, length 172
15:49:36.421931 IP 10.1.2.112.16498 > 10.33.0.55.17958: UDP, length 172
15:49:36.422264 IP 10.33.0.55.17958 > 10.1.2.112.16498: UDP, length 172
15:49:36.441948 IP 10.1.2.112.16498 > 10.33.0.55.17958: UDP, length 172
15:49:36.442230 IP 10.33.0.55.17958 > 10.1.2.112.16498: UDP, length 172
15:49:36.461931 IP 10.1.2.112.16498 > 10.33.0.55.17958: UDP, length 172
15:49:36.462241 IP 10.33.0.55.17958 > 10.1.2.112.16498: UDP, length 172
15:49:36.481960 IP 10.1.2.112.16498 > 10.33.0.55.17958: UDP, length 172
15:49:36.482243 IP 10.33.0.55.17958 > 10.1.2.112.16498: UDP, length 172
15:49:36.501938 IP 10.1.2.112.16498 > 10.33.0.55.17958: UDP, length 172
15:49:36.502189 IP 10.33.0.55.17958 > 10.1.2.112.16498: UDP, length 172
15:49:36.521756 IP 10.1.2.112.16498 > 10.33.0.55.17958: UDP, length 172
15:49:36.522153 IP 10.33.0.55.17958 > 10.1.2.112.16498: UDP, length 172
15:49:36.541718 IP 10.1.2.112.16498 > 10.33.0.55.17958: UDP, length 172
15:49:36.542220 IP 10.33.0.55.17958 > 10.1.2.112.16498: UDP, length 172
15:49:36.561719 IP 10.1.2.112.16498 > 10.33.0.55.17958: UDP, length 172
15:49:36.562214 IP 10.33.0.55.17958 > 10.1.2.112.16498: UDP, length 172
15:49:36.581952 IP 10.1.2.112.16498 > 10.33.0.55.17958: UDP, length 172
15:49:36.582175 IP 10.33.0.55.17958 > 10.1.2.112.16498: UDP, length 172
15:49:36.601932 IP 10.1.2.112.16498 > 10.33.0.55.17958: UDP, length 172
15:49:36.602231 IP 10.33.0.55.17958 > 10.1.2.112.16498: UDP, length 172
15:49:36.621686 IP 10.1.2.112.16498 > 10.33.0.55.17958: UDP, length